acc = 0.9988002399520096
eval_loss = 0.004557902880677986
mcc = 0.9985026732244854
