acc = 0.9984447554933458
eval_loss = 0.006451634939677721
mcc = 0.9980595446429716
