acc = 0.9978004399120176
eval_loss = 0.008394077219802542
mcc = 0.997255683281471
