acc = 0.9990890710746739
eval_loss = 0.0035461269592965525
mcc = 0.9988631033682948
