acc = 0.9942678131040459
eval_loss = 0.026198344282958686
mcc = 0.992853027910634
