acc = 0.997045035437357
eval_loss = 0.011213954407928437
mcc = 0.9963127443287007
