acc = 0.9991112888533404
eval_loss = 0.003611262932588793
mcc = 0.9988907958353118
