acc = 0.9944011197760448
eval_loss = 0.023682251059901554
mcc = 0.993015849155815
