acc = 0.985047434957453
eval_loss = 0.07741766133800318
mcc = 0.9813623443731203
