acc = 0.9774489546535138
eval_loss = 0.13187335403737058
mcc = 0.9718604474160075
