acc = 0.9972894310026883
eval_loss = 0.011206039177333784
mcc = 0.9966188679153388
