acc = 0.9963118487413628
eval_loss = 0.014707599575719868
mcc = 0.9954008109285694
