acc = 0.9985336266080117
eval_loss = 0.006045866817636293
mcc = 0.9981703490600071
