acc = 0.9900686529360795
eval_loss = 0.04773736734762331
mcc = 0.9876162240120074
