acc = 0.9972227776666889
eval_loss = 0.011248289027341154
mcc = 0.9965365185599717
